2.5 2.5 5.045 0 0 0 0 0 0
2.5 2.5 5.575 0 0 0 0 0 0
13.75 2.5 4.655 0 0 0 0 0 0
25 2.5 4.705 0 0 0 0 0 0
36.25 2.5 5.16 0 0 0 0 0 0
47.5 2.5 4.36 0 0 0 0 0 0
2.5 12.55 6.275 0 0 0 0 0 0
13.75 12.55 5.475 0 0 0 0 0 0
25 12.55 5.85 0 0 0 0 0 0
36.25 12.55 6.035 0 0 0 0 0 0
47.5 12.55 5.955 0 0 0 0 0 0
2.5 22.6 6.31 0 0 0 0 0 0
13.75 22.6 6.16 0 0 0 0 0 0
25 22.6 6.43 0 0 0 0 0 0
36.25 22.6 6.635 0 0 0 0 0 0
47.5 22.6 6.535 0 0 0 0 0 0
2.5 32.65 6.68 0 0 0 0 0 0
13.75 32.65 5.455 0 0 0 0 0 0
25 32.65 6.51 0 0 0 0 0 0
36.25 32.65 6.475 0 0 0 0 0 0
47.5 32.65 6.39 0 0 0 0 0 0
2.5 42.7 6.76 0 0 0 0 0 0
13.75 42.7 5.54 0 0 0 0 0 0
25 42.7 2.855 0 0 0 0 0 0
36.25 42.7 6.035 0 0 0 0 0 0
47.5 42.7 7.065 0 0 0 0 0 0
2.5 52.75 7.23 0 0 0 0 0 0
13.75 52.75 6.235 0 0 0 0 0 0
25 52.75 6.44 0 0 0 0 0 0
36.25 52.75 6.06 0 0 0 0 0 0
47.5 52.75 4.85 0 0 0 0 0 0
2.5 62.8 3.75 0 0 0 0 0 0
13.75 62.8 6.405 0 0 0 0 0 0
25 62.8 6.28 0 0 0 0 0 0
36.25 62.8 3.93 0 0 0 0 0 0
47.5 62.8 6.89 0 0 0 0 0 0
2.5 72.85 3.985 0 0 0 0 0 0
13.75 72.85 7.275 0 0 0 0 0 0
25 72.85 6.61 0 0 0 0 0 0
36.25 72.85 6.595 0 0 0 0 0 0
47.5 72.85 6.64 0 0 0 0 0 0
2.5 82.9 5.01 0 0 0 0 0 0
13.75 82.9 6.895 0 0 0 0 0 0
25 82.9 6.505 0 0 0 0 0 0
36.25 82.9 6.155 0 0 0 0 0 0
47.5 82.9 6.505 0 0 0 0 0 0
2.5 92.95 6.05 0 0 0 0 0 0
13.75 92.95 6.125 0 0 0 0 0 0
25 92.95 6.68 0 0 0 0 0 0
36.25 92.95 6.415 0 0 0 0 0 0
47.5 92.95 6.025 0 0 0 0 0 0
2.5 103 3.28 0 0 0 0 0 0
